image: /home/slsecret/my_map.pgm
resolution: 0.050000
origin: [-23.175482, -33.985500, 0.000000]
negate: 0
occupied_thresh: 0.65
free_thresh: 0.196

